1  0.567309
2  0.115075
3  0.067859
4  0.042958
5  0.030084
6  0.022236
7  0.016566
8  0.013369
9  0.010934
10  0.008509
11  0.007681
12  0.006349
13  0.005423
14  0.004888
15  0.004265
16  0.003740
17  0.003263
18  0.003148
19  0.002738
20  0.002553
21  0.002310
22  0.002039
23  0.001955
24  0.001826
25  0.001649
26  0.001659
27  0.001367
28  0.001315
29  0.001263
30  0.001138
31  0.001311
32  0.001037
33  0.001012
34  0.000991
35  0.000814
36  0.000939
37  0.000786
38  0.000741
39  0.000772
40  0.000675
41  0.000748
42  0.000657
43  0.000609
44  0.000564
45  0.000612
46  0.000487
47  0.000588
48  0.000438
49  0.000473
50  0.000487
51  0.000511
52  0.000417
53  0.000452
54  0.000400
55  0.000337
56  0.000313
57  0.000400
58  0.000327
59  0.000341
60  0.000324
61  0.000341
62  0.000299
63  0.000320
64  0.000282
65  0.000313
66  0.000275
67  0.000233
68  0.000264
69  0.000237
70  0.000247
71  0.000205
72  0.000230
73  0.000205
74  0.000261
75  0.000233
76  0.000257
77  0.000209
78  0.000184
79  0.000230
80  0.000163
81  0.000174
82  0.000198
83  0.000174
84  0.000143
85  0.000177
86  0.000174
87  0.000129
88  0.000170
89  0.000163
90  0.000118
91  0.000181
92  0.000153
93  0.000129
94  0.000146
95  0.000153
96  0.000167
97  0.000122
98  0.000129
99  0.000188
100  0.000139
101  0.000111
102  0.000136
103  0.000115
104  0.000115
105  0.000132
106  0.000094
107  0.000111
108  0.000136
109  0.000108
110  0.000073
111  0.000094
112  0.000087
113  0.000111
114  0.000111
115  0.000080
116  0.000104
117  0.000097
118  0.000115
119  0.000077
120  0.000049
121  0.000118
122  0.000097
123  0.000094
124  0.000097
125  0.000104
126  0.000087
127  0.000073
128  0.000077
129  0.000080
130  0.000073
131  0.000097
132  0.000080
133  0.000059
134  0.000070
135  0.000049
136  0.000063
137  0.000052
138  0.000073
139  0.000052
140  0.000066
141  0.000049
142  0.000080
143  0.000042
144  0.000049
145  0.000073
146  0.000070
147  0.000056
148  0.000073
149  0.000052
150  0.000049
151  0.000052
152  0.000083
153  0.000049
154  0.000063
155  0.000066
156  0.000045
157  0.000073
158  0.000066
159  0.000052
160  0.000087
161  0.000087
162  0.000035
163  0.000049
164  0.000049
165  0.000073
166  0.000056
167  0.000073
168  0.000042
169  0.000045
170  0.000031
171  0.000031
172  0.000035
173  0.000052
174  0.000045
175  0.000024
176  0.000052
177  0.000024
178  0.000059
179  0.000028
180  0.000059
181  0.000042
182  0.000056
183  0.000035
184  0.000031
185  0.000017
186  0.000035
187  0.000021
188  0.000045
189  0.000035
190  0.000035
191  0.000035
192  0.000042
193  0.000052
194  0.000028
195  0.000056
196  0.000052
197  0.000035
198  0.000031
199  0.000045
200  0.000042
201  0.000024
202  0.000056
203  0.000042
204  0.000038
205  0.000021
206  0.000038
207  0.000042
208  0.000038
209  0.000038
210  0.000049
211  0.000035
212  0.000038
213  0.000021
214  0.000038
215  0.000021
216  0.000017
217  0.000010
218  0.000035
219  0.000042
220  0.000035
221  0.000017
222  0.000031
223  0.000017
224  0.000028
225  0.000024
226  0.000028
227  0.000035
228  0.000038
229  0.000021
230  0.000031
231  0.000028
232  0.000031
233  0.000056
234  0.000017
235  0.000031
236  0.000038
237  0.000035
238  0.000035
239  0.000017
240  0.000010
241  0.000024
242  0.000035
243  0.000045
244  0.000028
245  0.000031
246  0.000028
247  0.000028
248  0.000031
249  0.000014
250  0.000010
251  0.000014
252  0.000038
253  0.000024
254  0.000014
255  0.000021
256  0.000028
257  0.000014
258  0.000021
259  0.000035
260  0.000024
261  0.000014
262  0.000017
263  0.000031
264  0.000024
265  0.000021
266  0.000028
267  0.000021
268  0.000024
269  0.000021
270  0.000014
271  0.000024
272  0.000024
273  0.000021
274  0.000028
275  0.000028
276  0.000010
277  0.000014
278  0.000010
279  0.000038
280  0.000028
281  0.000017
282  0.000028
283  0.000042
284  0.000010
285  0.000021
286  0.000031
287  0.000028
288  0.000010
289  0.000017
290  0.000038
291  0.000007
292  0.000017
293  0.000010
294  0.000028
295  0.000031
296  0.000024
297  0.000021
298  0.000024
299  0.000021
300  0.000007
301  0.000021
302  0.000014
303  0.000024
304  0.000021
305  0.000014
306  0.000014
307  0.000017
308  0.000014
309  0.000014
310  0.000017
311  0.000035
312  0.000021
313  0.000017
314  0.000007
315  0.000021
316  0.000007
317  0.000014
318  0.000021
319  0.000021
320  0.000010
321  0.000017
322  0.000010
323  0.000028
324  0.000021
325  0.000010
326  0.000007
327  0.000021
328  0.000010
329  0.000014
330  0.000017
331  0.000024
332  0.000010
333  0.000014
334  0.000003
335  0.000010
336  0.000014
337  0.000017
338  0.000024
339  0.000007
340  0.000010
341  0.000007
342  0.000010
343  0.000010
344  0.000007
345  0.000007
346  0.000021
347  0.000028
348  0.000010
349  0.000014
350  0.000017
351  0.000003
352  0.000028
353  0.000024
354  0.000003
355  0.000010
356  0.000014
357  0.000010
358  0.000007
359  0.000003
360  0.000024
361  0.000021
362  0.000003
363  0.000010
364  0.000017
365  0.000024
367  0.000014
368  0.000010
369  0.000017
370  0.000010
371  0.000010
372  0.000010
373  0.000017
374  0.000007
375  0.000007
376  0.000010
377  0.000003
378  0.000014
379  0.000014
380  0.000003
381  0.000024
382  0.000003
383  0.000003
384  0.000007
385  0.000010
386  0.000010
387  0.000014
388  0.000010
389  0.000010
390  0.000017
392  0.000014
393  0.000017
394  0.000003
395  0.000024
396  0.000017
397  0.000017
398  0.000010
399  0.000017
400  0.000017
401  0.000017
402  0.000003
403  0.000014
404  0.000010
405  0.000007
406  0.000017
407  0.000003
408  0.000010
409  0.000003
410  0.000014
411  0.000010
412  0.000010
413  0.000003
414  0.000021
415  0.000010
416  0.000007
417  0.000010
418  0.000007
419  0.000003
420  0.000010
421  0.000007
422  0.000014
423  0.000010
424  0.000003
425  0.000014
426  0.000003
427  0.000014
428  0.000017
429  0.000021
430  0.000010
431  0.000003
432  0.000010
433  0.000003
434  0.000007
435  0.000007
436  0.000003
437  0.000007
438  0.000007
439  0.000007
440  0.000010
441  0.000010
442  0.000007
443  0.000003
444  0.000003
445  0.000007
446  0.000003
447  0.000007
448  0.000017
449  0.000010
450  0.000014
451  0.000035
452  0.000010
453  0.000017
454  0.000014
455  0.000028
456  0.000007
457  0.000010
458  0.000003
459  0.000003
460  0.000003
461  0.000007
462  0.000007
463  0.000010
464  0.000003
465  0.000010
466  0.000014
467  0.000003
468  0.000010
469  0.000003
470  0.000010
471  0.000003
474  0.000010
475  0.000014
476  0.000010
477  0.000010
479  0.000007
481  0.000003
482  0.000007
484  0.000014
485  0.000007
486  0.000010
487  0.000003
488  0.000014
489  0.000007
490  0.000007
491  0.000003
492  0.000003
493  0.000007
494  0.000010
495  0.000021
496  0.000024
497  0.000014
498  0.000007
499  0.000007
500  0.000003
501  0.000003
502  0.000017
503  0.000007
504  0.000007
505  0.000010
506  0.000003
507  0.000021
508  0.000010
510  0.000007
511  0.000007
512  0.000017
513  0.000014
514  0.000003
515  0.000010
516  0.000003
517  0.000007
518  0.000007
520  0.000003
522  0.000003
523  0.000007
524  0.000003
525  0.000014
528  0.000010
529  0.000003
530  0.000003
531  0.000024
532  0.000007
533  0.000003
534  0.000010
535  0.000007
536  0.000003
537  0.000003
538  0.000003
539  0.000007
540  0.000003
541  0.000003
543  0.000003
545  0.000007
549  0.000007
550  0.000003
551  0.000007
552  0.000017
554  0.000003
555  0.000010
556  0.000010
557  0.000014
559  0.000003
560  0.000014
561  0.000003
562  0.000010
563  0.000003
564  0.000003
566  0.000007
567  0.000007
570  0.000003
571  0.000007
572  0.000007
573  0.000003
574  0.000003
575  0.000003
577  0.000007
578  0.000003
579  0.000003
580  0.000003
581  0.000010
582  0.000014
583  0.000017
584  0.000007
585  0.000003
586  0.000003
587  0.000017
588  0.000003
589  0.000010
590  0.000007
591  0.000003
595  0.000003
596  0.000003
597  0.000003
598  0.000003
599  0.000003
600  0.000007
602  0.000007
603  0.000003
604  0.000007
605  0.000003
606  0.000003
607  0.000007
608  0.000007
609  0.000010
610  0.000010
612  0.000010
613  0.000003
614  0.000003
617  0.000007
618  0.000003
620  0.000014
621  0.000003
622  0.000007
623  0.000003
624  0.000010
625  0.000007
626  0.000003
627  0.000010
628  0.000003
629  0.000003
630  0.000007
631  0.000003
633  0.000003
634  0.000003
635  0.000007
636  0.000003
637  0.000003
638  0.000003
639  0.000007
640  0.000007
642  0.000003
644  0.000003
646  0.000007
647  0.000007
648  0.000010
650  0.000007
651  0.000003
652  0.000003
653  0.000007
654  0.000003
655  0.000003
656  0.000003
657  0.000010
658  0.000003
660  0.000003
661  0.000003
663  0.000003
664  0.000003
665  0.000007
666  0.000003
667  0.000003
668  0.000003
669  0.000007
670  0.000003
671  0.000010
672  0.000014
673  0.000003
674  0.000017
675  0.000003
676  0.000007
677  0.000007
679  0.000007
680  0.000003
681  0.000007
683  0.000003
684  0.000010
686  0.000014
687  0.000007
688  0.000007
689  0.000003
690  0.000007
691  0.000003
692  0.000003
693  0.000007
694  0.000010
697  0.000003
698  0.000003
699  0.000003
700  0.000003
701  0.000003
702  0.000003
703  0.000003
705  0.000010
707  0.000003
708  0.000003
709  0.000003
711  0.000007
713  0.000007
714  0.000007
715  0.000003
717  0.000010
718  0.000003
719  0.000003
720  0.000010
721  0.000003
722  0.000007
724  0.000003
725  0.000003
727  0.000007
728  0.000003
729  0.000007
730  0.000010
731  0.000003
732  0.000010
733  0.000010
734  0.000003
735  0.000003
736  0.000003
737  0.000014
738  0.000003
740  0.000003
741  0.000017
742  0.000003
743  0.000007
745  0.000007
747  0.000003
749  0.000003
753  0.000003
754  0.000003
755  0.000007
757  0.000010
758  0.000003
760  0.000007
761  0.000007
762  0.000007
763  0.000014
766  0.000007
769  0.000003
771  0.000007
772  0.000003
776  0.000003
777  0.000003
779  0.000003
780  0.000003
781  0.000003
782  0.000014
787  0.000007
788  0.000010
791  0.000003
793  0.000003
794  0.000003
796  0.000003
797  0.000007
798  0.000010
800  0.000010
801  0.000007
803  0.000003
806  0.000007
808  0.000003
810  0.000003
811  0.000007
812  0.000003
815  0.000007
819  0.000003
820  0.000003
824  0.000003
825  0.000003
828  0.000007
832  0.000003
833  0.000003
839  0.000003
840  0.000003
842  0.000003
844  0.000003
848  0.000003
853  0.000003
855  0.000010
857  0.000007
858  0.000003
859  0.000007
861  0.000003
863  0.000007
865  0.000003
866  0.000003
869  0.000003
870  0.000003
876  0.000007
877  0.000003
878  0.000007
880  0.000003
881  0.000003
882  0.000003
886  0.000003
888  0.000003
890  0.000003
891  0.000003
894  0.000007
896  0.000003
898  0.000007
899  0.000007
900  0.000003
901  0.000007
903  0.000003
904  0.000014
905  0.000003
907  0.000007
908  0.000003
909  0.000003
910  0.000003
911  0.000003
913  0.000003
914  0.000007
915  0.000003
916  0.000003
919  0.000003
920  0.000003
922  0.000007
923  0.000003
924  0.000007
926  0.000003
928  0.000003
929  0.000003
930  0.000003
932  0.000003
934  0.000003
935  0.000003
936  0.000007
938  0.000003
940  0.000003
941  0.000007
942  0.000003
943  0.000017
944  0.000003
945  0.000003
946  0.000003
949  0.000003
952  0.000007
956  0.000003
958  0.000003
959  0.000003
960  0.000003
961  0.000003
962  0.000003
964  0.000007
966  0.000003
967  0.000003
968  0.000003
969  0.000010
971  0.000007
981  0.000007
982  0.000003
983  0.000010
985  0.000003
986  0.000003
988  0.000003
991  0.000003
993  0.000003
998  0.000003
999  0.000007
1001  0.000003
1005  0.000003
1006  0.000007
1011  0.000007
1012  0.000003
1013  0.000003
1019  0.000003
1020  0.000007
1021  0.000003
1023  0.000003
1027  0.000003
1029  0.000003
1034  0.000003
1041  0.000003
1042  0.000003
1044  0.000003
1046  0.000003
1047  0.000003
1048  0.000003
1050  0.000007
1051  0.000003
1053  0.000003
1055  0.000007
1060  0.000007
1061  0.000007
1062  0.000007
1063  0.000003
1066  0.000003
1068  0.000003
1071  0.000003
1074  0.000007
1076  0.000003
1078  0.000003
1081  0.000007
1082  0.000003
1084  0.000003
1085  0.000003
1086  0.000003
1088  0.000003
1093  0.000003
1098  0.000003
1099  0.000003
1102  0.000010
1108  0.000003
1111  0.000003
1114  0.000003
1115  0.000003
1118  0.000003
1119  0.000003
1123  0.000003
1131  0.000003
1132  0.000003
1134  0.000003
1139  0.000010
1143  0.000003
1146  0.000003
1149  0.000003
1150  0.000003
1153  0.000003
1155  0.000003
1156  0.000003
1159  0.000003
1161  0.000003
1165  0.000003
1166  0.000003
1167  0.000007
1170  0.000003
1172  0.000003
1173  0.000007
1176  0.000010
1178  0.000007
1186  0.000003
1187  0.000007
1188  0.000003
1189  0.000007
1192  0.000007
1198  0.000003
1199  0.000003
1201  0.000003
1202  0.000003
1203  0.000003
1210  0.000003
1213  0.000003
1222  0.000003
1223  0.000007
1224  0.000007
1225  0.000007
1226  0.000007
1231  0.000003
1232  0.000003
1242  0.000003
1243  0.000003
1244  0.000003
1246  0.000003
1247  0.000007
1249  0.000007
1253  0.000003
1255  0.000003
1263  0.000014
1266  0.000003
1269  0.000007
1274  0.000010
1275  0.000003
1278  0.000003
1285  0.000007
1286  0.000003
1288  0.000003
1292  0.000003
1293  0.000007
1295  0.000003
1298  0.000003
1299  0.000003
1305  0.000003
1307  0.000007
1310  0.000007
1311  0.000007
1315  0.000003
1317  0.000003
1319  0.000003
1321  0.000003
1323  0.000003
1325  0.000003
1329  0.000003
1333  0.000003
1334  0.000003
1335  0.000003
1336  0.000007
1338  0.000003
1340  0.000003
1349  0.000003
1365  0.000003
1369  0.000003
1370  0.000003
1371  0.000003
1372  0.000003
1373  0.000003
1380  0.000010
1384  0.000003
1385  0.000003
1386  0.000003
1399  0.000003
1401  0.000003
1404  0.000007
1408  0.000003
1409  0.000003
1412  0.000003
1413  0.000007
1414  0.000003
1416  0.000003
1417  0.000003
1419  0.000003
1422  0.000003
1426  0.000003
1428  0.000003
1431  0.000003
1432  0.000003
1437  0.000003
1439  0.000003
1441  0.000007
1443  0.000003
1447  0.000003
1448  0.000003
1451  0.000010
1459  0.000003
1460  0.000003
1461  0.000007
1462  0.000003
1467  0.000003
1471  0.000003
1475  0.000003
1484  0.000003
1486  0.000003
1488  0.000007
1491  0.000007
1492  0.000010
1494  0.000003
1495  0.000003
1497  0.000003
1500  0.000003
1502  0.000003
1503  0.000003
1511  0.000003
1512  0.000003
1514  0.000003
1520  0.000003
1524  0.000003
1525  0.000003
1532  0.000003
1534  0.000003
1546  0.000003
1547  0.000003
1550  0.000003
1554  0.000003
1557  0.000003
1562  0.000003
1566  0.000003
1570  0.000003
1574  0.000003
1576  0.000003
1580  0.000003
1584  0.000003
1587  0.000003
1588  0.000003
1591  0.000003
1592  0.000003
1594  0.000010
1598  0.000003
1599  0.000003
1600  0.000007
1601  0.000003
1602  0.000003
1605  0.000003
1609  0.000003
1611  0.000007
1615  0.000003
1626  0.000007
1627  0.000003
1628  0.000003
1638  0.000003
1640  0.000003
1643  0.000003
1648  0.000003
1656  0.000003
1666  0.000003
1673  0.000003
1674  0.000003
1680  0.000003
1686  0.000003
1690  0.000003
1709  0.000003
1710  0.000003
1713  0.000007
1716  0.000003
1717  0.000003
1718  0.000003
1724  0.000003
1725  0.000003
1726  0.000003
1728  0.000003
1729  0.000007
1732  0.000003
1736  0.000003
1737  0.000003
1748  0.000003
1757  0.000007
1758  0.000003
1761  0.000003
1766  0.000003
1768  0.000003
1769  0.000003
1770  0.000003
1771  0.000003
1772  0.000003
1779  0.000003
1780  0.000003
1789  0.000007
1791  0.000003
1794  0.000003
1799  0.000003
1804  0.000003
1805  0.000003
1807  0.000003
1813  0.000003
1814  0.000003
1824  0.000003
1829  0.000003
1832  0.000003
1837  0.000003
1845  0.000003
1846  0.000003
1847  0.000003
1848  0.000003
1849  0.000003
1850  0.000007
1857  0.000007
1867  0.000003
1868  0.000003
1870  0.000003
1874  0.000003
1877  0.000003
1879  0.000003
1880  0.000003
1885  0.000003
1886  0.000003
1887  0.000010
1888  0.000003
1898  0.000003
1909  0.000003
1911  0.000003
1912  0.000003
1919  0.000003
1924  0.000003
1931  0.000003
1934  0.000003
1935  0.000003
1937  0.000010
1939  0.000003
1940  0.000003
1941  0.000003
1943  0.000003
1955  0.000007
1961  0.000003
1962  0.000003
1963  0.000003
1966  0.000003
1968  0.000003
1969  0.000007
1971  0.000003
1973  0.000007
1982  0.000003
1992  0.000003
1994  0.000003
1995  0.000003
1997  0.000003
2003  0.000003
2007  0.000003
2009  0.000003
2011  0.000003
2014  0.000003
2017  0.000003
2031  0.000003
2032  0.000003
2037  0.000003
2043  0.000007
2047  0.000003
2049  0.000003
2052  0.000003
2055  0.000007
2061  0.000003
2062  0.000007
2064  0.000003
2065  0.000003
2066  0.000003
2069  0.000003
2071  0.000003
2074  0.000003
2082  0.000003
2095  0.000003
2108  0.000003
2111  0.000007
2115  0.000003
2125  0.000003
2128  0.000003
2130  0.000003
2136  0.000003
2139  0.000003
2140  0.000003
2141  0.000003
2142  0.000007
2143  0.000003
2144  0.000003
2147  0.000003
2149  0.000003
2151  0.000010
2154  0.000003
2155  0.000003
2164  0.000003
2167  0.000003
2170  0.000007
2177  0.000003
2180  0.000003
2181  0.000003
2183  0.000003
2189  0.000003
2201  0.000007
2202  0.000003
2204  0.000003
2214  0.000003
2215  0.000007
2220  0.000003
2225  0.000003
2226  0.000003
2233  0.000003
2236  0.000003
2240  0.000003
2241  0.000003
2243  0.000003
2245  0.000003
2251  0.000003
2253  0.000003
2254  0.000003
2255  0.000003
2262  0.000003
2265  0.000003
2270  0.000003
2271  0.000003
2276  0.000007
2283  0.000003
2286  0.000003
2289  0.000003
2290  0.000003
2308  0.000003
2316  0.000003
2319  0.000003
2321  0.000003
2324  0.000003
2328  0.000003
2331  0.000003
2343  0.000007
2348  0.000003
2356  0.000003
2358  0.000003
2359  0.000003
2364  0.000003
2370  0.000003
2373  0.000003
2384  0.000003
2385  0.000003
2387  0.000003
2396  0.000003
2411  0.000007
2416  0.000010
2417  0.000003
2419  0.000003
2420  0.000003
2421  0.000003
2428  0.000003
2429  0.000003
2430  0.000007
2432  0.000003
2433  0.000003
2436  0.000003
2438  0.000003
2439  0.000003
2466  0.000003
2467  0.000003
2468  0.000003
2470  0.000003
2477  0.000003
2479  0.000003
2488  0.000003
2491  0.000003
2493  0.000003
2498  0.000003
2508  0.000003
2510  0.000007
2515  0.000003
2519  0.000003
2523  0.000003
2527  0.000003
2531  0.000003
2533  0.000003
2548  0.000003
2551  0.000003
2552  0.000007
2553  0.000003
2561  0.000003
2569  0.000003
2570  0.000003
2578  0.000003
2587  0.000003
2589  0.000003
2593  0.000003
2596  0.000003
2601  0.000003
2602  0.000003
2603  0.000003
2605  0.000003
2607  0.000007
2613  0.000003
2617  0.000003
2621  0.000003
2631  0.000007
2632  0.000003
2642  0.000003
2643  0.000003
2645  0.000003
2648  0.000003
2649  0.000003
2653  0.000003
2654  0.000003
2656  0.000003
2661  0.000010
2662  0.000003
2667  0.000003
2671  0.000003
2672  0.000003
2677  0.000003
2680  0.000003
2681  0.000003
2684  0.000003
2701  0.000003
2702  0.000003
2713  0.000003
2714  0.000003
2716  0.000003
2717  0.000003
2723  0.000003
2725  0.000007
2733  0.000003
2734  0.000003
2738  0.000003
2753  0.000003
2755  0.000003
2764  0.000003
2765  0.000003
2767  0.000003
2768  0.000003
2770  0.000003
2773  0.000007
2788  0.000007
2800  0.000003
2802  0.000003
2816  0.000003
2819  0.000003
2822  0.000003
2830  0.000003
2832  0.000003
2835  0.000003
2836  0.000007
2838  0.000003
2849  0.000003
2850  0.000003
2853  0.000003
2859  0.000007
2860  0.000003
2863  0.000003
2870  0.000003
2871  0.000003
2875  0.000003
2876  0.000003
2881  0.000003
2886  0.000003
2889  0.000003
2892  0.000003
2896  0.000003
2899  0.000003
2905  0.000003
2906  0.000007
2907  0.000003
2914  0.000003
2917  0.000003
2919  0.000003
2938  0.000003
2944  0.000003
2945  0.000007
2950  0.000003
2953  0.000003
2954  0.000003
2955  0.000003
2956  0.000007
2957  0.000003
2959  0.000003
2969  0.000003
2971  0.000003
2979  0.000003
2988  0.000003
2990  0.000003
2998  0.000003
3006  0.000003
3011  0.000003
3013  0.000003
3014  0.000003
3016  0.000003
3018  0.000007
3020  0.000003
3025  0.000007
3031  0.000003
3038  0.000003
3039  0.000003
3041  0.000003
3046  0.000003
3047  0.000003
3051  0.000003
3053  0.000003
3055  0.000003
3060  0.000007
3064  0.000003
3066  0.000003
3072  0.000003
3073  0.000003
3087  0.000003
3089  0.000003
3098  0.000003
3100  0.000003
3102  0.000003
3105  0.000003
3107  0.000003
3108  0.000003
3111  0.000003
3112  0.000003
3113  0.000003
3123  0.000003
3124  0.000003
3125  0.000003
3131  0.000003
3135  0.000003
3137  0.000003
3144  0.000003
3145  0.000003
3147  0.000003
3148  0.000010
3149  0.000003
3152  0.000003
3164  0.000003
3168  0.000003
3170  0.000003
3171  0.000007
3172  0.000003
3173  0.000003
3175  0.000003
3177  0.000003
3178  0.000007
3179  0.000003
3182  0.000003
3183  0.000003
3184  0.000007
3185  0.000003
3213  0.000003
3219  0.000003
3226  0.000007
3229  0.000003
3232  0.000003
3234  0.000003
3237  0.000003
3239  0.000003
3241  0.000007
3244  0.000003
3245  0.000003
3251  0.000003
3252  0.000003
3255  0.000007
3263  0.000003
3264  0.000003
3266  0.000003
3267  0.000003
3282  0.000003
3283  0.000003
3284  0.000003
3289  0.000003
3291  0.000003
3294  0.000003
3295  0.000003
3296  0.000003
3299  0.000007
3300  0.000003
3314  0.000003
3321  0.000003
3323  0.000003
3325  0.000003
3330  0.000003
3332  0.000003
3333  0.000003
3334  0.000003
3339  0.000003
3344  0.000003
3348  0.000003
3350  0.000003
3352  0.000007
3360  0.000007
3364  0.000007
3371  0.000003
3375  0.000003
3381  0.000003
3382  0.000003
3384  0.000003
3386  0.000003
3388  0.000003
3390  0.000003
3401  0.000003
3403  0.000003
3404  0.000003
3412  0.000003
3413  0.000003
3424  0.000003
3427  0.000003
3428  0.000003
3430  0.000003
3434  0.000003
3437  0.000003
3439  0.000007
3453  0.000003
3454  0.000003
3456  0.000007
3459  0.000003
3462  0.000003
3465  0.000007
3466  0.000003
3468  0.000003
3470  0.000003
3471  0.000003
3476  0.000003
3486  0.000003
3487  0.000003
3489  0.000003
3492  0.000007
3497  0.000003
3499  0.000003
3500  0.000003
3503  0.000003
3505  0.000003
3507  0.000003
3513  0.000003
3518  0.000003
3523  0.000007
3526  0.000003
3527  0.000003
3531  0.000003
3537  0.000003
3539  0.000007
3544  0.000003
3545  0.000003
3546  0.000003
3547  0.000003
3552  0.000003
3553  0.000003
3555  0.000003
3556  0.000003
3558  0.000003
3559  0.000003
3564  0.000003
3568  0.000003
3574  0.000003
3577  0.000003
3578  0.000003
3582  0.000007
3585  0.000007
3593  0.000003
3594  0.000003
3595  0.000003
3602  0.000003
3617  0.000003
3620  0.000003
3623  0.000003
3624  0.000003
3628  0.000003
3630  0.000003
3633  0.000003
3634  0.000003
3636  0.000003
3639  0.000003
3642  0.000003
3651  0.000003
3652  0.000003
3653  0.000003
3655  0.000003
3656  0.000003
3660  0.000003
3663  0.000003
3664  0.000007
3666  0.000007
3668  0.000003
3674  0.000003
3676  0.000003
3677  0.000003
3680  0.000003
3681  0.000003
3685  0.000003
3692  0.000003
3696  0.000003
3700  0.000003
3708  0.000003
3709  0.000003
3711  0.000003
3712  0.000007
3714  0.000003
3716  0.000003
3727  0.000003
3728  0.000003
3731  0.000003
3737  0.000003
3740  0.000003
3743  0.000003
3746  0.000003
3747  0.000003
3750  0.000003
3756  0.000003
3759  0.000010
3763  0.000003
3764  0.000003
3766  0.000003
3769  0.000003
3772  0.000003
3778  0.000010
3780  0.000003
3782  0.000007
3783  0.000003
3784  0.000003
3788  0.000003
3795  0.000003
3797  0.000007
3800  0.000003
3804  0.000007
3805  0.000003
3806  0.000003
3810  0.000003
3811  0.000003
3825  0.000003
3826  0.000003
3827  0.000007
3833  0.000003
3837  0.000003
3843  0.000003
3848  0.000003
3850  0.000003
3853  0.000003
3855  0.000003
3857  0.000003
3858  0.000003
3859  0.000003
3865  0.000003
3871  0.000003
3875  0.000003
3880  0.000003
3881  0.000003
3891  0.000003
3893  0.000003
3902  0.000003
3904  0.000003
3905  0.000003
3908  0.000003
3914  0.000003
3915  0.000003
3917  0.000003
3922  0.000007
3927  0.000003
3929  0.000003
3932  0.000003
3933  0.000003
3939  0.000007
3940  0.000003
3942  0.000003
3943  0.000007
3945  0.000003
3946  0.000007
3951  0.000003
3956  0.000003
3958  0.000003
3962  0.000003
3963  0.000003
3965  0.000003
3967  0.000003
3970  0.000007
3971  0.000003
3977  0.000003
3987  0.000007
3988  0.000003
3989  0.000003
3990  0.000003
3992  0.000003
3994  0.000003
3998  0.000003
4000  0.000003
4001  0.000003
4002  0.000007
4005  0.000003
4006  0.000007
4008  0.000003
4012  0.000003
4018  0.000003
4028  0.000003
4029  0.000003
4036  0.000003
4041  0.000003
4044  0.000007
4046  0.000003
4049  0.000003
4051  0.000003
4053  0.000007
4062  0.000007
4064  0.000003
4065  0.000003
4067  0.000003
4075  0.000003
4077  0.000003
4079  0.000003
4080  0.000003
4084  0.000007
4088  0.000003
4095  0.000007
4096  0.000007
4097  0.000007
4098  0.000003
4117  0.000003
4119  0.000007
4120  0.000003
4121  0.000007
4126  0.000003
4127  0.000003
4128  0.000003
4131  0.000003
4133  0.000003
4135  0.000010
4152  0.000003
4157  0.000003
4160  0.000003
4161  0.000003
4169  0.000003
4171  0.000007
4175  0.000003
4176  0.000007
4177  0.000003
4181  0.000003
4186  0.000003
4191  0.000003
4200  0.000003
4206  0.000007
4210  0.000003
4222  0.000003
4226  0.000003
4227  0.000003
4228  0.000007
4237  0.000003
4239  0.000003
4240  0.000007
4243  0.000003
4246  0.000003
4255  0.000003
4256  0.000003
4261  0.000003
4262  0.000007
4266  0.000003
4267  0.000007
4269  0.000007
4270  0.000003
4271  0.000003
4275  0.000003
4281  0.000003
4283  0.000003
4289  0.000003
4290  0.000003
4292  0.000003
4295  0.000003
4299  0.000003
4302  0.000007
4304  0.000003
4306  0.000007
4309  0.000003
4314  0.000003
4324  0.000003
4328  0.000003
4335  0.000003
4337  0.000003
4340  0.000003
4341  0.000003
4342  0.000003
4346  0.000003
4349  0.000003
4354  0.000007
4357  0.000003
4364  0.000003
4365  0.000003
4367  0.000007
4369  0.000003
4370  0.000003
4374  0.000003
4375  0.000003
4378  0.000003
4379  0.000003
4380  0.000003
4381  0.000003
4382  0.000003
4387  0.000003
4388  0.000003
4391  0.000003
4392  0.000003
4395  0.000003
4401  0.000003
4403  0.000003
4407  0.000003
4411  0.000003
4413  0.000003
4416  0.000003
4422  0.000007
4425  0.000003
4429  0.000003
4430  0.000003
4433  0.000003
4437  0.000010
4438  0.000003
4439  0.000003
4444  0.000007
4447  0.000003
4448  0.000003
4453  0.000003
4455  0.000007
4457  0.000003
4459  0.000003
4460  0.000003
4463  0.000003
4469  0.000007
4471  0.000003
4472  0.000003
4473  0.000003
4474  0.000007
4475  0.000003
4478  0.000003
4482  0.000003
4485  0.000003
4502  0.000003
4503  0.000003
4504  0.000003
4505  0.000003
4506  0.000003
4521  0.000007
4522  0.000003
4523  0.000003
4524  0.000003
4528  0.000003
4530  0.000003
4540  0.000003
4542  0.000003
4543  0.000003
4547  0.000003
4548  0.000003
4549  0.000003
4553  0.000003
4557  0.000003
4562  0.000003
4564  0.000003
4576  0.000003
4579  0.000003
4582  0.000003
4583  0.000007
4587  0.000003
4588  0.000003
4589  0.000003
4594  0.000003
4600  0.000003
4615  0.000003
4618  0.000003
4624  0.000003
4627  0.000003
4633  0.000003
4636  0.000003
4637  0.000003
4639  0.000007
4645  0.000003
4648  0.000003
4649  0.000007
4657  0.000003
4659  0.000003
4660  0.000003
4661  0.000003
4662  0.000003
4668  0.000003
4672  0.000003
4686  0.000003
4692  0.000003
4712  0.000003
4733  0.000003
4736  0.000003
4737  0.000003
4738  0.000003
4740  0.000003
4747  0.000003
4758  0.000003
4762  0.000003
4764  0.000007
4765  0.000003
4774  0.000003
4775  0.000003
4779  0.000003
4782  0.000003
4783  0.000003
4805  0.000003
4810  0.000003
4815  0.000007
4821  0.000003
4822  0.000003
4825  0.000003
4848  0.000003
4859  0.000003
4861  0.000003
4871  0.000003
4874  0.000003
4880  0.000003
4894  0.000003
4897  0.000003
4912  0.000003
4915  0.000003
4917  0.000003
4923  0.000003
4960  0.000003
4980  0.000003
4983  0.000003
4996  0.000007
5006  0.000003
5014  0.000003
5064  0.000003
5079  0.000003
5100  0.000003
5106  0.000003
5173  0.000003
5179  0.000003
5187  0.000003
5212  0.000003
5238  0.000003
5382  0.000003
