1  0.729132
2  0.103632
3  0.053141
4  0.029368
5  0.017968
6  0.012010
7  0.008702
8  0.005981
9  0.004527
10  0.003601
11  0.002815
12  0.002158
13  0.002029
14  0.001654
15  0.001196
16  0.000997
17  0.001009
18  0.000880
19  0.000622
20  0.000657
21  0.000551
22  0.000598
23  0.000504
24  0.000364
25  0.000317
26  0.000199
27  0.000317
28  0.000211
29  0.000211
30  0.000129
31  0.000258
32  0.000211
33  0.000094
34  0.000070
35  0.000129
36  0.000176
37  0.000070
38  0.000129
39  0.000106
40  0.000059
41  0.000023
42  0.000059
43  0.000082
44  0.000047
45  0.000047
46  0.000059
47  0.000070
48  0.000047
49  0.000047
50  0.000059
51  0.000047
52  0.000023
53  0.000035
54  0.000035
55  0.000035
56  0.000035
57  0.000047
58  0.000059
59  0.000012
60  0.000035
61  0.000023
62  0.000012
64  0.000012
65  0.000023
66  0.000047
67  0.000012
68  0.000023
69  0.000023
70  0.000023
71  0.000012
73  0.000012
74  0.000035
77  0.000012
78  0.000023
83  0.000012
84  0.000012
85  0.000012
90  0.000012
92  0.000012
93  0.000012
96  0.000012
97  0.000012
99  0.000012
101  0.000023
105  0.000012
113  0.000012
119  0.000012
120  0.000012
130  0.000012
144  0.000012
145  0.000012
153  0.000012
181  0.000012
183  0.000012
196  0.000012
220  0.000012
231  0.000012
245  0.000012
6510  0.000012
6566  0.000012
6585  0.000012
6586  0.000012
6597  0.000012
6600  0.000023
6602  0.000012
6606  0.000012
6607  0.000012
6608  0.000012
6621  0.000023
6624  0.000012
6625  0.000012
6627  0.000012
6628  0.000012
6630  0.000012
6634  0.000012
6639  0.000012
6644  0.000012
6649  0.000012
6650  0.000012
6656  0.000012
6657  0.000012
6659  0.000023
6665  0.000023
6678  0.000012
6679  0.000023
6680  0.000012
6682  0.000012
6684  0.000012
6687  0.000035
6688  0.000012
6692  0.000023
6694  0.000012
6696  0.000012
6697  0.000012
6698  0.000023
6701  0.000012
6702  0.000012
6703  0.000012
6705  0.000023
6706  0.000047
6708  0.000012
6709  0.000012
6710  0.000012
6712  0.000023
6713  0.000012
6714  0.000012
6715  0.000012
6716  0.000012
6717  0.000023
6719  0.000035
6720  0.000035
6721  0.000035
6723  0.000023
6724  0.000047
6725  0.000012
6726  0.000047
6727  0.000047
6728  0.000047
6729  0.000012
6730  0.000023
6731  0.000012
6732  0.000012
6733  0.000035
6734  0.000035
6735  0.000035
6736  0.000012
6737  0.000023
6738  0.000023
6739  0.000035
6740  0.000012
6741  0.000012
6742  0.000035
6743  0.000023
6744  0.000023
6745  0.000023
6747  0.000023
6748  0.000035
6749  0.000023
6750  0.000047
6751  0.000012
6752  0.000023
6754  0.000035
6755  0.000023
6756  0.000012
6757  0.000035
6758  0.000035
6759  0.000035
6760  0.000035
6761  0.000059
6762  0.000012
6763  0.000059
6764  0.000059
6765  0.000047
6766  0.000047
6767  0.000012
6768  0.000035
6769  0.000059
6770  0.000035
6771  0.000070
6772  0.000035
6773  0.000023
6774  0.000059
6775  0.000012
6776  0.000023
6777  0.000059
6778  0.000012
6779  0.000047
6780  0.000023
6782  0.000035
6783  0.000012
6784  0.000035
6785  0.000047
6786  0.000070
6787  0.000035
6788  0.000035
6789  0.000035
6790  0.000023
6791  0.000035
6792  0.000035
6793  0.000059
6794  0.000082
6795  0.000094
6796  0.000023
6797  0.000035
6798  0.000023
6799  0.000035
6800  0.000047
6801  0.000059
6802  0.000059
6803  0.000047
6804  0.000035
6805  0.000070
6806  0.000047
6807  0.000141
6808  0.000047
6810  0.000059
6811  0.000082
6812  0.000059
6813  0.000035
6814  0.000059
6815  0.000035
6816  0.000012
6817  0.000047
6818  0.000117
6819  0.000094
6820  0.000082
6821  0.000070
6822  0.000059
6823  0.000047
6824  0.000106
6825  0.000059
6826  0.000047
6827  0.000035
6828  0.000035
6829  0.000059
6830  0.000070
6831  0.000094
6832  0.000070
6833  0.000047
6834  0.000070
6835  0.000070
6836  0.000070
6837  0.000059
6838  0.000059
6839  0.000047
6840  0.000059
6841  0.000059
6842  0.000094
6843  0.000129
6844  0.000070
6845  0.000059
6846  0.000106
6847  0.000023
6848  0.000106
6849  0.000059
6850  0.000070
6851  0.000117
6852  0.000070
6853  0.000106
6854  0.000070
6855  0.000059
6856  0.000070
6857  0.000129
6858  0.000070
6859  0.000070
6860  0.000070
6861  0.000094
6862  0.000070
6863  0.000023
6864  0.000141
6865  0.000047
6866  0.000082
6867  0.000070
6868  0.000094
6869  0.000129
6870  0.000059
6871  0.000059
6872  0.000035
6873  0.000059
6874  0.000035
6875  0.000059
6876  0.000070
6877  0.000047
6878  0.000047
6879  0.000082
6880  0.000106
6881  0.000023
6882  0.000094
6883  0.000094
6884  0.000059
6885  0.000070
6886  0.000047
6887  0.000082
6888  0.000035
6889  0.000047
6890  0.000070
6891  0.000023
6892  0.000035
6893  0.000012
6894  0.000070
6895  0.000023
6896  0.000023
6897  0.000059
6898  0.000059
6899  0.000070
6900  0.000035
6901  0.000059
6902  0.000047
6903  0.000059
6904  0.000035
6905  0.000035
6906  0.000059
6907  0.000047
6908  0.000035
6910  0.000035
6911  0.000023
6912  0.000059
6913  0.000047
6914  0.000059
6915  0.000023
6916  0.000023
6917  0.000035
6918  0.000070
6919  0.000035
6920  0.000023
6921  0.000059
6922  0.000047
6923  0.000047
6926  0.000012
6927  0.000023
6928  0.000023
6929  0.000023
6930  0.000012
6931  0.000012
6932  0.000059
6933  0.000023
6934  0.000023
6935  0.000035
6936  0.000035
6937  0.000035
6941  0.000012
6943  0.000012
6945  0.000059
6946  0.000023
6947  0.000012
6948  0.000012
6950  0.000035
6952  0.000023
6953  0.000012
6954  0.000023
6955  0.000023
6957  0.000023
6960  0.000023
6961  0.000023
6963  0.000023
6964  0.000023
6965  0.000012
6966  0.000012
6968  0.000012
6969  0.000012
6978  0.000012
6980  0.000012
6981  0.000012
6982  0.000012
6983  0.000012
6985  0.000012
6996  0.000012
7001  0.000012
7013  0.000012
7017  0.000012
7019  0.000012
