1  0.654165
2  0.112761
3  0.064000
4  0.037660
5  0.024343
6  0.017729
7  0.012805
8  0.009691
9  0.007688
10  0.006197
11  0.004880
12  0.003919
13  0.003594
14  0.003151
15  0.002359
16  0.002371
17  0.001916
18  0.001735
19  0.001510
20  0.001417
21  0.001279
22  0.001030
23  0.001061
24  0.000842
25  0.000799
26  0.000861
27  0.000649
28  0.000618
29  0.000624
30  0.000480
31  0.000412
32  0.000518
33  0.000418
34  0.000424
35  0.000306
36  0.000374
37  0.000393
38  0.000349
39  0.000318
40  0.000281
41  0.000268
42  0.000250
43  0.000343
44  0.000231
45  0.000237
46  0.000218
47  0.000225
48  0.000193
49  0.000119
50  0.000162
51  0.000131
52  0.000206
53  0.000119
54  0.000094
55  0.000100
56  0.000100
57  0.000112
58  0.000087
59  0.000094
60  0.000106
61  0.000156
62  0.000056
63  0.000075
64  0.000131
65  0.000075
66  0.000087
67  0.000094
68  0.000081
69  0.000100
70  0.000087
71  0.000056
72  0.000094
73  0.000081
74  0.000094
75  0.000056
76  0.000062
77  0.000087
78  0.000037
79  0.000062
80  0.000062
81  0.000050
82  0.000037
83  0.000031
84  0.000012
85  0.000062
86  0.000031
87  0.000044
88  0.000031
89  0.000037
90  0.000037
91  0.000062
92  0.000031
93  0.000037
94  0.000050
95  0.000019
96  0.000044
97  0.000037
98  0.000037
99  0.000019
100  0.000044
101  0.000037
102  0.000019
103  0.000019
104  0.000031
105  0.000037
106  0.000037
107  0.000031
108  0.000025
109  0.000025
110  0.000031
111  0.000019
112  0.000025
113  0.000012
114  0.000037
115  0.000044
116  0.000025
117  0.000031
118  0.000019
119  0.000025
120  0.000012
121  0.000025
122  0.000031
123  0.000006
124  0.000056
125  0.000019
127  0.000031
128  0.000012
129  0.000012
130  0.000012
131  0.000012
132  0.000019
133  0.000025
135  0.000012
136  0.000012
137  0.000006
138  0.000012
139  0.000006
140  0.000025
141  0.000012
142  0.000012
143  0.000025
144  0.000025
145  0.000019
146  0.000006
147  0.000019
148  0.000006
149  0.000006
150  0.000012
152  0.000025
153  0.000006
155  0.000019
156  0.000006
157  0.000012
158  0.000006
159  0.000012
161  0.000012
162  0.000025
163  0.000019
164  0.000019
165  0.000012
166  0.000006
167  0.000006
168  0.000012
169  0.000012
170  0.000019
171  0.000006
172  0.000012
173  0.000006
174  0.000012
176  0.000012
179  0.000006
180  0.000012
181  0.000012
182  0.000006
183  0.000006
184  0.000006
187  0.000006
189  0.000012
192  0.000006
193  0.000012
195  0.000006
197  0.000006
198  0.000012
199  0.000012
200  0.000012
202  0.000006
204  0.000006
207  0.000012
209  0.000012
210  0.000006
212  0.000006
213  0.000006
214  0.000006
215  0.000006
218  0.000006
220  0.000012
222  0.000006
231  0.000012
234  0.000006
235  0.000006
237  0.000006
238  0.000006
239  0.000006
240  0.000012
241  0.000006
243  0.000012
244  0.000012
250  0.000006
253  0.000006
259  0.000006
262  0.000006
267  0.000006
272  0.000006
275  0.000012
277  0.000006
278  0.000006
279  0.000012
281  0.000012
283  0.000006
287  0.000006
289  0.000006
292  0.000006
294  0.000006
298  0.000006
304  0.000006
307  0.000006
313  0.000006
319  0.000006
320  0.000006
325  0.000012
330  0.000012
334  0.000006
336  0.000006
337  0.000006
340  0.000006
342  0.000006
347  0.000006
348  0.000006
354  0.000006
355  0.000006
357  0.000006
365  0.000006
382  0.000006
389  0.000006
395  0.000006
428  0.000006
430  0.000006
437  0.000006
443  0.000006
446  0.000006
464  0.000006
478  0.000006
481  0.000006
501  0.000006
515  0.000006
540  0.000006
581  0.000006
627  0.000006
647  0.000012
699  0.000006
762  0.000006
823  0.000006
834  0.000006
836  0.000006
880  0.000006
1066  0.000006
1174  0.000006
1422  0.000006
1965  0.000006
4014  0.000006
4490  0.000006
4577  0.000006
4992  0.000006
5078  0.000006
5126  0.000006
5180  0.000006
5182  0.000006
5192  0.000006
5212  0.000006
5218  0.000006
5219  0.000006
5254  0.000006
5256  0.000006
5262  0.000006
5296  0.000006
5315  0.000006
5327  0.000006
5341  0.000006
5346  0.000006
5364  0.000006
5371  0.000006
5422  0.000006
5429  0.000006
5439  0.000006
5459  0.000006
5474  0.000006
5475  0.000006
5492  0.000006
5493  0.000006
5495  0.000006
5497  0.000006
5516  0.000006
5523  0.000006
5535  0.000006
5536  0.000006
5538  0.000012
5541  0.000006
5542  0.000006
5546  0.000006
5561  0.000006
5563  0.000006
5565  0.000006
5566  0.000006
5568  0.000006
5578  0.000006
5581  0.000006
5588  0.000006
5595  0.000006
5601  0.000006
5604  0.000006
5613  0.000006
5615  0.000006
5616  0.000006
5618  0.000012
5619  0.000006
5620  0.000006
5621  0.000012
5633  0.000006
5640  0.000006
5652  0.000006
5654  0.000006
5656  0.000012
5661  0.000006
5664  0.000006
5667  0.000006
5671  0.000006
5672  0.000006
5673  0.000012
5678  0.000006
5679  0.000006
5681  0.000006
5690  0.000006
5698  0.000006
5699  0.000006
5701  0.000019
5702  0.000006
5704  0.000006
5705  0.000006
5707  0.000006
5713  0.000006
5715  0.000006
5716  0.000006
5717  0.000006
5718  0.000019
5726  0.000012
5727  0.000006
5731  0.000012
5733  0.000006
5735  0.000006
5739  0.000006
5740  0.000006
5745  0.000006
5749  0.000006
5752  0.000006
5754  0.000006
5757  0.000006
5761  0.000012
5764  0.000006
5765  0.000006
5766  0.000006
5770  0.000006
5771  0.000006
5772  0.000006
5773  0.000006
5774  0.000006
5775  0.000006
5776  0.000006
5777  0.000006
5778  0.000006
5779  0.000012
5785  0.000006
5787  0.000012
5789  0.000006
5790  0.000006
5791  0.000012
5796  0.000006
5797  0.000012
5798  0.000012
5799  0.000006
5800  0.000006
5801  0.000006
5803  0.000006
5805  0.000012
5807  0.000006
5809  0.000012
5810  0.000012
5811  0.000006
5814  0.000025
5815  0.000012
5819  0.000012
5820  0.000006
5825  0.000012
5826  0.000006
5827  0.000006
5828  0.000012
5830  0.000006
5831  0.000006
5832  0.000006
5836  0.000019
5837  0.000031
5838  0.000006
5839  0.000019
5841  0.000006
5842  0.000025
5843  0.000006
5844  0.000019
5845  0.000006
5848  0.000019
5849  0.000012
5850  0.000006
5851  0.000025
5852  0.000006
5853  0.000006
5854  0.000012
5855  0.000019
5856  0.000012
5857  0.000012
5858  0.000019
5860  0.000012
5861  0.000006
5864  0.000012
5865  0.000006
5868  0.000031
5869  0.000006
5870  0.000012
5872  0.000025
5873  0.000006
5874  0.000012
5875  0.000012
5876  0.000012
5877  0.000006
5878  0.000019
5879  0.000012
5882  0.000006
5884  0.000012
5885  0.000012
5886  0.000012
5887  0.000031
5888  0.000006
5889  0.000012
5890  0.000012
5891  0.000006
5892  0.000006
5893  0.000006
5895  0.000006
5896  0.000019
5899  0.000025
5902  0.000012
5903  0.000006
5904  0.000012
5906  0.000012
5907  0.000006
5909  0.000012
5910  0.000012
5911  0.000012
5914  0.000006
5915  0.000006
5916  0.000006
5917  0.000012
5918  0.000006
5919  0.000006
5921  0.000019
5923  0.000012
5924  0.000006
5925  0.000012
5928  0.000025
5929  0.000025
5930  0.000006
5931  0.000019
5933  0.000019
5935  0.000025
5936  0.000012
5937  0.000012
5938  0.000006
5939  0.000006
5940  0.000012
5941  0.000019
5942  0.000006
5943  0.000012
5944  0.000037
5946  0.000006
5947  0.000012
5948  0.000012
5949  0.000012
5950  0.000006
5951  0.000006
5952  0.000012
5953  0.000012
5954  0.000012
5955  0.000006
5956  0.000006
5958  0.000006
5959  0.000012
5960  0.000025
5962  0.000006
5963  0.000006
5964  0.000025
5965  0.000006
5966  0.000019
5967  0.000031
5968  0.000012
5969  0.000006
5970  0.000025
5971  0.000012
5972  0.000012
5973  0.000025
5974  0.000012
5976  0.000044
5977  0.000019
5978  0.000019
5979  0.000025
5980  0.000025
5981  0.000031
5983  0.000019
5984  0.000019
5985  0.000006
5986  0.000006
5987  0.000037
5989  0.000012
5990  0.000012
5992  0.000006
5993  0.000019
5994  0.000006
5995  0.000012
5996  0.000019
5997  0.000012
5998  0.000012
5999  0.000012
6000  0.000019
6001  0.000012
6002  0.000012
6003  0.000006
6004  0.000019
6005  0.000019
6006  0.000012
6007  0.000031
6008  0.000025
6009  0.000012
6010  0.000006
6011  0.000019
6012  0.000006
6013  0.000006
6014  0.000019
6015  0.000044
6016  0.000012
6017  0.000012
6018  0.000006
6019  0.000012
6020  0.000019
6021  0.000012
6022  0.000006
6023  0.000012
6024  0.000012
6025  0.000031
6026  0.000012
6027  0.000019
6029  0.000006
6030  0.000012
6031  0.000031
6032  0.000012
6033  0.000025
6034  0.000031
6035  0.000012
6036  0.000031
6037  0.000025
6038  0.000012
6039  0.000006
6040  0.000031
6041  0.000006
6042  0.000012
6043  0.000006
6044  0.000019
6045  0.000037
6047  0.000019
6048  0.000006
6049  0.000012
6050  0.000012
6051  0.000019
6053  0.000012
6054  0.000012
6056  0.000019
6057  0.000012
6058  0.000019
6059  0.000019
6060  0.000025
6061  0.000012
6062  0.000012
6063  0.000012
6064  0.000031
6066  0.000019
6067  0.000012
6068  0.000031
6069  0.000025
6070  0.000025
6071  0.000037
6072  0.000019
6073  0.000012
6074  0.000037
6076  0.000019
6077  0.000031
6078  0.000006
6080  0.000044
6081  0.000025
6082  0.000019
6083  0.000037
6084  0.000019
6085  0.000031
6086  0.000037
6087  0.000031
6088  0.000006
6089  0.000019
6091  0.000012
6093  0.000012
6094  0.000031
6095  0.000019
6096  0.000012
6097  0.000037
6098  0.000006
6099  0.000019
6100  0.000012
6101  0.000012
6102  0.000006
6103  0.000006
6104  0.000006
6105  0.000006
6106  0.000012
6107  0.000012
6108  0.000025
6109  0.000019
6111  0.000025
6112  0.000012
6113  0.000012
6114  0.000012
6116  0.000025
6117  0.000019
6118  0.000006
6119  0.000006
6120  0.000012
6121  0.000012
6122  0.000012
6123  0.000006
6124  0.000025
6125  0.000019
6126  0.000012
6127  0.000012
6128  0.000012
6129  0.000012
6130  0.000019
6131  0.000012
6132  0.000019
6137  0.000006
6138  0.000019
6139  0.000019
6140  0.000019
6141  0.000012
6142  0.000019
6143  0.000019
6144  0.000006
6145  0.000019
6146  0.000012
6147  0.000031
6148  0.000019
6149  0.000019
6151  0.000006
6152  0.000006
6153  0.000019
6154  0.000031
6155  0.000006
6157  0.000019
6158  0.000006
6160  0.000006
6162  0.000012
6164  0.000012
6165  0.000025
6166  0.000012
6167  0.000019
6168  0.000012
6169  0.000006
6170  0.000025
6172  0.000006
6173  0.000006
6174  0.000006
6175  0.000012
6176  0.000019
6178  0.000006
6179  0.000006
6180  0.000019
6181  0.000012
6183  0.000019
6184  0.000006
6185  0.000019
6186  0.000019
6187  0.000006
6188  0.000012
6189  0.000006
6191  0.000006
6192  0.000025
6193  0.000012
6194  0.000031
6196  0.000006
6199  0.000025
6200  0.000012
6201  0.000006
6203  0.000019
6204  0.000006
6205  0.000025
6208  0.000006
6209  0.000012
6210  0.000012
6211  0.000006
6213  0.000025
6215  0.000006
6216  0.000006
6217  0.000006
6218  0.000012
6220  0.000006
6221  0.000006
6222  0.000006
6223  0.000006
6227  0.000019
6229  0.000006
6230  0.000006
6231  0.000012
6232  0.000012
6233  0.000006
6235  0.000012
6237  0.000006
6244  0.000006
6247  0.000012
6248  0.000006
6251  0.000006
6253  0.000006
6255  0.000006
6256  0.000006
6257  0.000006
6258  0.000006
6261  0.000012
6263  0.000006
6266  0.000012
6270  0.000006
6271  0.000006
6272  0.000012
6275  0.000012
6283  0.000006
6284  0.000006
6285  0.000006
6294  0.000006
6297  0.000006
6302  0.000006
6304  0.000019
6310  0.000006
6311  0.000006
6314  0.000006
6315  0.000006
6317  0.000006
6322  0.000012
6331  0.000006
6341  0.000012
6346  0.000006
6357  0.000006
6370  0.000006
6415  0.000006
