1  0.468569
2  0.120634
3  0.075897
4  0.051435
5  0.037173
6  0.028575
7  0.022466
8  0.017846
9  0.015528
10  0.013029
11  0.011044
12  0.009671
13  0.008334
14  0.007678
15  0.006615
16  0.006165
17  0.005516
18  0.005140
19  0.004557
20  0.004297
21  0.003745
22  0.003492
23  0.003467
24  0.003012
25  0.002800
26  0.002701
27  0.002561
28  0.002386
29  0.002152
30  0.002045
31  0.001898
32  0.001894
33  0.001801
34  0.001620
35  0.001602
36  0.001473
37  0.001483
38  0.001257
39  0.001345
40  0.001202
41  0.001144
42  0.001105
43  0.001087
44  0.001042
45  0.000924
46  0.000973
47  0.000891
48  0.000788
49  0.000804
50  0.000761
51  0.000785
52  0.000774
53  0.000692
54  0.000761
55  0.000653
56  0.000636
57  0.000568
58  0.000641
59  0.000594
60  0.000549
61  0.000519
62  0.000545
63  0.000500
64  0.000464
65  0.000471
66  0.000435
67  0.000409
68  0.000424
69  0.000356
70  0.000405
71  0.000382
72  0.000419
73  0.000337
74  0.000350
75  0.000379
76  0.000342
77  0.000331
78  0.000330
79  0.000308
80  0.000271
81  0.000254
82  0.000284
83  0.000238
84  0.000209
85  0.000248
86  0.000257
87  0.000228
88  0.000236
89  0.000274
90  0.000183
91  0.000219
92  0.000202
93  0.000216
94  0.000216
95  0.000173
96  0.000183
97  0.000184
98  0.000169
99  0.000174
100  0.000130
101  0.000133
102  0.000161
103  0.000163
104  0.000150
105  0.000118
106  0.000141
107  0.000122
108  0.000156
109  0.000128
110  0.000125
111  0.000151
112  0.000141
113  0.000125
114  0.000131
115  0.000107
116  0.000089
117  0.000120
118  0.000099
119  0.000089
120  0.000104
121  0.000088
122  0.000066
123  0.000102
124  0.000101
125  0.000088
126  0.000086
127  0.000082
128  0.000082
129  0.000089
130  0.000063
131  0.000085
132  0.000085
133  0.000078
134  0.000091
135  0.000069
136  0.000078
137  0.000066
138  0.000061
139  0.000062
140  0.000065
141  0.000075
142  0.000078
143  0.000049
144  0.000062
145  0.000066
146  0.000059
147  0.000053
148  0.000050
149  0.000043
150  0.000050
151  0.000055
152  0.000056
153  0.000053
154  0.000062
155  0.000056
156  0.000049
157  0.000036
158  0.000046
159  0.000039
160  0.000029
161  0.000036
162  0.000046
163  0.000045
164  0.000032
165  0.000042
166  0.000033
167  0.000035
168  0.000046
169  0.000033
170  0.000043
171  0.000040
172  0.000043
173  0.000030
174  0.000039
175  0.000033
176  0.000040
177  0.000032
178  0.000026
179  0.000036
180  0.000026
181  0.000024
182  0.000030
183  0.000026
184  0.000029
185  0.000016
186  0.000027
187  0.000029
188  0.000032
189  0.000026
190  0.000022
191  0.000020
192  0.000016
193  0.000020
194  0.000024
195  0.000020
196  0.000020
197  0.000014
198  0.000017
199  0.000022
200  0.000019
201  0.000013
202  0.000020
203  0.000022
204  0.000019
205  0.000022
206  0.000020
207  0.000016
208  0.000017
209  0.000022
210  0.000016
211  0.000013
212  0.000017
213  0.000019
214  0.000010
215  0.000017
216  0.000009
217  0.000014
218  0.000012
219  0.000014
220  0.000013
221  0.000012
222  0.000013
223  0.000009
224  0.000010
225  0.000010
226  0.000009
227  0.000010
228  0.000012
229  0.000016
230  0.000013
231  0.000012
232  0.000014
233  0.000010
234  0.000010
235  0.000013
236  0.000014
237  0.000004
238  0.000006
239  0.000006
240  0.000009
241  0.000006
242  0.000009
243  0.000006
244  0.000007
245  0.000007
246  0.000006
247  0.000010
248  0.000007
249  0.000004
250  0.000010
251  0.000007
252  0.000007
253  0.000012
254  0.000009
255  0.000009
256  0.000004
257  0.000009
258  0.000009
259  0.000009
260  0.000017
261  0.000006
262  0.000009
263  0.000003
264  0.000010
265  0.000012
266  0.000001
267  0.000003
268  0.000003
269  0.000003
270  0.000001
271  0.000010
272  0.000006
273  0.000003
274  0.000006
275  0.000004
276  0.000007
277  0.000007
279  0.000004
280  0.000006
281  0.000003
282  0.000001
283  0.000003
284  0.000001
285  0.000006
286  0.000007
287  0.000006
288  0.000004
289  0.000006
290  0.000001
292  0.000001
293  0.000006
294  0.000001
295  0.000004
296  0.000006
297  0.000004
298  0.000003
299  0.000007
300  0.000003
301  0.000001
302  0.000004
303  0.000001
304  0.000003
305  0.000004
306  0.000001
307  0.000003
309  0.000003
310  0.000001
311  0.000001
312  0.000003
313  0.000003
314  0.000003
315  0.000003
316  0.000006
317  0.000004
318  0.000003
319  0.000001
320  0.000001
322  0.000004
323  0.000001
325  0.000003
327  0.000003
329  0.000001
330  0.000001
331  0.000006
333  0.000001
334  0.000003
335  0.000003
336  0.000001
337  0.000001
338  0.000003
339  0.000003
343  0.000003
344  0.000001
345  0.000001
346  0.000001
349  0.000003
351  0.000001
353  0.000001
356  0.000003
358  0.000003
359  0.000001
360  0.000001
361  0.000004
362  0.000001
363  0.000003
364  0.000001
366  0.000004
367  0.000001
368  0.000001
374  0.000003
376  0.000001
377  0.000001
378  0.000001
379  0.000001
380  0.000003
381  0.000001
382  0.000001
383  0.000003
388  0.000001
390  0.000001
391  0.000001
393  0.000001
394  0.000003
396  0.000001
397  0.000001
401  0.000001
404  0.000001
415  0.000003
423  0.000003
438  0.000001
441  0.000001
443  0.000003
444  0.000001
448  0.000001
454  0.000001
455  0.000001
456  0.000001
461  0.000001
469  0.000001
470  0.000001
478  0.000001
485  0.000001
492  0.000001
511  0.000001
525  0.000001
538  0.000001
541  0.000001
607  0.000001
