1  0.497043
2  0.116403
3  0.070391
4  0.047343
5  0.033659
6  0.025076
7  0.019636
8  0.015799
9  0.013127
10  0.011211
11  0.009446
12  0.008377
13  0.007266
14  0.006431
15  0.005796
16  0.005122
17  0.004756
18  0.004405
19  0.004022
20  0.003448
21  0.003202
22  0.003137
23  0.002701
24  0.002760
25  0.002627
26  0.002320
27  0.002304
28  0.002032
29  0.001769
30  0.001824
31  0.001733
32  0.001712
33  0.001580
34  0.001498
35  0.001437
36  0.001346
37  0.001233
38  0.001241
39  0.001174
40  0.001024
41  0.001056
42  0.001041
43  0.001020
44  0.001008
45  0.000926
46  0.000827
47  0.000844
48  0.000831
49  0.000863
50  0.000799
51  0.000745
52  0.000696
53  0.000692
54  0.000717
55  0.000665
56  0.000640
57  0.000576
58  0.000593
59  0.000618
60  0.000524
61  0.000532
62  0.000484
63  0.000579
64  0.000501
65  0.000534
66  0.000494
67  0.000515
68  0.000454
69  0.000446
70  0.000379
71  0.000400
72  0.000425
73  0.000404
74  0.000370
75  0.000377
76  0.000381
77  0.000393
78  0.000370
79  0.000387
80  0.000326
81  0.000343
82  0.000318
83  0.000303
84  0.000246
85  0.000290
86  0.000271
87  0.000328
88  0.000297
89  0.000328
90  0.000292
91  0.000309
92  0.000299
93  0.000303
94  0.000334
95  0.000250
96  0.000269
97  0.000290
98  0.000250
99  0.000250
100  0.000221
101  0.000265
102  0.000255
103  0.000191
104  0.000189
105  0.000204
106  0.000215
107  0.000229
108  0.000202
109  0.000204
110  0.000202
111  0.000187
112  0.000181
113  0.000189
114  0.000185
115  0.000173
116  0.000185
117  0.000191
118  0.000175
119  0.000151
120  0.000170
121  0.000175
122  0.000173
123  0.000154
124  0.000166
125  0.000181
126  0.000187
127  0.000137
128  0.000156
129  0.000137
130  0.000124
131  0.000130
132  0.000164
133  0.000154
134  0.000141
135  0.000166
136  0.000120
137  0.000116
138  0.000120
139  0.000124
140  0.000111
141  0.000116
142  0.000154
143  0.000109
144  0.000114
145  0.000109
146  0.000090
147  0.000114
148  0.000095
149  0.000128
150  0.000105
151  0.000147
152  0.000124
153  0.000128
154  0.000122
155  0.000122
156  0.000095
157  0.000086
158  0.000078
159  0.000103
160  0.000086
161  0.000116
162  0.000109
163  0.000078
164  0.000103
165  0.000082
166  0.000103
167  0.000072
168  0.000084
169  0.000099
170  0.000099
171  0.000097
172  0.000107
173  0.000063
174  0.000090
175  0.000067
176  0.000101
177  0.000090
178  0.000076
179  0.000103
180  0.000080
181  0.000082
182  0.000050
183  0.000065
184  0.000099
185  0.000093
186  0.000080
187  0.000074
188  0.000069
189  0.000065
190  0.000067
191  0.000082
192  0.000088
193  0.000078
194  0.000063
195  0.000076
196  0.000063
197  0.000061
198  0.000055
199  0.000057
200  0.000067
201  0.000061
202  0.000076
203  0.000061
204  0.000055
205  0.000061
206  0.000069
207  0.000044
208  0.000048
209  0.000069
210  0.000053
211  0.000053
212  0.000065
213  0.000063
214  0.000069
215  0.000069
216  0.000076
217  0.000067
218  0.000048
219  0.000057
220  0.000032
221  0.000055
222  0.000042
223  0.000061
224  0.000065
225  0.000057
226  0.000053
227  0.000053
228  0.000048
229  0.000042
230  0.000044
231  0.000059
232  0.000044
233  0.000053
234  0.000040
235  0.000050
236  0.000044
237  0.000044
238  0.000048
239  0.000044
240  0.000048
241  0.000040
242  0.000034
243  0.000044
244  0.000040
245  0.000046
246  0.000029
247  0.000063
248  0.000046
249  0.000046
250  0.000032
251  0.000034
252  0.000044
253  0.000050
254  0.000044
255  0.000040
256  0.000038
257  0.000046
258  0.000042
259  0.000048
260  0.000029
261  0.000046
262  0.000038
263  0.000048
264  0.000046
265  0.000027
266  0.000048
267  0.000021
268  0.000048
269  0.000036
270  0.000025
271  0.000032
272  0.000042
273  0.000032
274  0.000034
275  0.000042
276  0.000034
277  0.000048
278  0.000032
279  0.000029
280  0.000013
281  0.000057
282  0.000032
283  0.000036
284  0.000042
285  0.000029
286  0.000040
287  0.000044
288  0.000048
289  0.000027
290  0.000040
291  0.000034
292  0.000023
293  0.000032
294  0.000055
295  0.000044
296  0.000021
297  0.000021
298  0.000019
299  0.000025
300  0.000021
301  0.000034
302  0.000015
303  0.000038
304  0.000017
305  0.000027
306  0.000025
307  0.000038
308  0.000032
309  0.000023
310  0.000023
311  0.000019
312  0.000029
313  0.000036
314  0.000036
315  0.000017
316  0.000025
317  0.000025
318  0.000025
319  0.000032
320  0.000029
321  0.000019
322  0.000034
323  0.000042
324  0.000025
325  0.000027
326  0.000038
327  0.000027
328  0.000015
329  0.000025
330  0.000023
331  0.000027
332  0.000021
333  0.000021
334  0.000025
335  0.000029
336  0.000023
337  0.000015
338  0.000023
339  0.000023
340  0.000015
341  0.000021
342  0.000023
343  0.000038
344  0.000011
345  0.000036
346  0.000021
347  0.000013
348  0.000011
349  0.000011
350  0.000023
351  0.000021
352  0.000017
353  0.000006
354  0.000023
355  0.000025
356  0.000019
357  0.000017
358  0.000013
359  0.000023
360  0.000027
361  0.000013
362  0.000013
363  0.000023
364  0.000029
365  0.000013
366  0.000025
367  0.000019
368  0.000025
369  0.000015
370  0.000015
371  0.000015
372  0.000019
373  0.000019
374  0.000017
375  0.000015
376  0.000023
377  0.000013
378  0.000025
379  0.000021
380  0.000025
381  0.000015
382  0.000025
383  0.000023
384  0.000011
385  0.000013
386  0.000017
387  0.000011
388  0.000015
389  0.000017
390  0.000025
391  0.000021
392  0.000019
393  0.000006
394  0.000013
395  0.000029
396  0.000006
397  0.000015
398  0.000029
399  0.000025
400  0.000019
401  0.000008
402  0.000013
403  0.000008
404  0.000013
405  0.000015
406  0.000027
407  0.000019
408  0.000021
409  0.000008
410  0.000021
411  0.000021
412  0.000013
413  0.000004
414  0.000013
415  0.000008
416  0.000019
417  0.000017
418  0.000015
419  0.000008
420  0.000011
421  0.000015
422  0.000021
423  0.000021
424  0.000002
425  0.000019
426  0.000011
427  0.000011
428  0.000006
429  0.000019
430  0.000006
431  0.000015
432  0.000011
433  0.000006
434  0.000008
435  0.000013
436  0.000011
437  0.000015
438  0.000013
439  0.000008
440  0.000013
441  0.000021
442  0.000004
443  0.000008
444  0.000023
445  0.000015
446  0.000017
447  0.000017
448  0.000013
449  0.000008
450  0.000013
451  0.000015
452  0.000011
453  0.000008
454  0.000019
455  0.000008
456  0.000008
457  0.000011
458  0.000015
459  0.000008
460  0.000011
461  0.000023
462  0.000019
463  0.000017
464  0.000004
465  0.000008
466  0.000013
467  0.000017
468  0.000021
469  0.000006
470  0.000011
471  0.000011
472  0.000008
473  0.000008
474  0.000008
475  0.000013
476  0.000006
477  0.000008
478  0.000011
479  0.000021
480  0.000006
481  0.000015
482  0.000011
483  0.000008
484  0.000008
485  0.000006
486  0.000013
487  0.000011
488  0.000011
489  0.000004
490  0.000013
491  0.000019
492  0.000015
493  0.000006
494  0.000006
495  0.000013
496  0.000015
497  0.000006
498  0.000008
499  0.000004
500  0.000004
501  0.000004
502  0.000011
503  0.000011
504  0.000004
505  0.000013
506  0.000015
507  0.000006
508  0.000006
509  0.000004
510  0.000008
511  0.000015
512  0.000004
513  0.000008
514  0.000006
515  0.000017
517  0.000011
518  0.000006
519  0.000008
520  0.000013
521  0.000011
522  0.000004
523  0.000008
524  0.000011
525  0.000008
526  0.000006
527  0.000004
528  0.000011
529  0.000006
530  0.000008
531  0.000008
532  0.000008
533  0.000004
535  0.000008
536  0.000004
537  0.000002
539  0.000013
540  0.000006
541  0.000004
542  0.000004
543  0.000011
544  0.000013
545  0.000013
546  0.000011
547  0.000011
548  0.000013
549  0.000006
550  0.000002
551  0.000004
552  0.000002
553  0.000006
554  0.000006
555  0.000006
556  0.000004
557  0.000002
558  0.000006
559  0.000013
560  0.000006
561  0.000015
562  0.000006
563  0.000006
564  0.000004
565  0.000006
566  0.000006
567  0.000013
568  0.000006
569  0.000006
570  0.000008
571  0.000015
572  0.000004
573  0.000011
574  0.000013
576  0.000004
577  0.000011
578  0.000011
579  0.000013
580  0.000008
581  0.000008
582  0.000013
584  0.000004
585  0.000011
587  0.000008
588  0.000013
589  0.000002
590  0.000006
591  0.000004
592  0.000002
593  0.000002
594  0.000004
595  0.000006
596  0.000002
597  0.000002
599  0.000013
600  0.000006
601  0.000002
602  0.000006
603  0.000008
604  0.000006
605  0.000011
606  0.000004
607  0.000006
608  0.000006
609  0.000006
610  0.000011
611  0.000004
612  0.000002
613  0.000006
614  0.000006
615  0.000011
616  0.000002
617  0.000008
618  0.000004
619  0.000006
620  0.000008
621  0.000008
622  0.000004
623  0.000004
624  0.000004
625  0.000004
626  0.000006
627  0.000004
628  0.000008
630  0.000004
631  0.000017
632  0.000002
634  0.000011
635  0.000011
636  0.000006
637  0.000004
638  0.000002
639  0.000002
640  0.000006
641  0.000004
642  0.000004
643  0.000006
644  0.000013
645  0.000004
646  0.000008
647  0.000008
648  0.000008
649  0.000002
650  0.000011
651  0.000008
652  0.000002
653  0.000011
654  0.000004
655  0.000008
656  0.000011
657  0.000004
658  0.000006
659  0.000004
660  0.000004
661  0.000004
665  0.000006
666  0.000002
667  0.000011
668  0.000002
670  0.000004
672  0.000006
673  0.000002
674  0.000004
676  0.000004
677  0.000002
678  0.000002
679  0.000008
680  0.000004
681  0.000004
682  0.000004
683  0.000004
684  0.000002
685  0.000008
686  0.000002
687  0.000004
688  0.000004
689  0.000006
690  0.000006
691  0.000002
692  0.000006
693  0.000006
694  0.000008
696  0.000002
697  0.000006
698  0.000002
700  0.000004
701  0.000011
702  0.000002
703  0.000004
704  0.000002
705  0.000004
706  0.000002
707  0.000004
708  0.000004
709  0.000004
710  0.000008
711  0.000004
712  0.000002
714  0.000004
715  0.000015
716  0.000002
718  0.000004
719  0.000006
720  0.000002
721  0.000004
722  0.000004
724  0.000002
725  0.000002
726  0.000011
727  0.000004
728  0.000004
730  0.000004
731  0.000002
732  0.000002
738  0.000011
739  0.000008
740  0.000002
741  0.000004
742  0.000004
743  0.000004
745  0.000006
746  0.000004
747  0.000008
750  0.000002
752  0.000004
753  0.000004
754  0.000002
756  0.000002
757  0.000006
759  0.000006
760  0.000004
761  0.000006
762  0.000002
763  0.000002
765  0.000006
766  0.000004
767  0.000002
768  0.000004
769  0.000002
770  0.000004
771  0.000002
773  0.000002
774  0.000006
776  0.000004
777  0.000004
778  0.000004
780  0.000004
781  0.000002
783  0.000004
786  0.000002
787  0.000004
790  0.000008
792  0.000002
793  0.000002
794  0.000002
796  0.000006
797  0.000008
801  0.000002
803  0.000006
804  0.000002
807  0.000004
809  0.000008
811  0.000008
812  0.000004
813  0.000004
814  0.000002
815  0.000004
817  0.000004
819  0.000004
820  0.000002
821  0.000004
822  0.000002
825  0.000002
827  0.000006
828  0.000004
832  0.000006
833  0.000004
834  0.000002
835  0.000008
836  0.000002
838  0.000002
839  0.000004
842  0.000002
844  0.000004
847  0.000002
849  0.000002
850  0.000004
851  0.000002
853  0.000002
854  0.000002
856  0.000004
857  0.000002
859  0.000002
860  0.000002
863  0.000002
864  0.000004
870  0.000002
871  0.000008
875  0.000002
876  0.000002
877  0.000004
878  0.000002
882  0.000002
883  0.000002
884  0.000002
886  0.000004
887  0.000002
888  0.000004
889  0.000004
890  0.000002
892  0.000004
895  0.000002
897  0.000002
898  0.000002
900  0.000004
901  0.000002
902  0.000004
903  0.000002
905  0.000002
907  0.000002
908  0.000004
911  0.000002
912  0.000002
914  0.000002
915  0.000004
918  0.000002
921  0.000004
922  0.000002
923  0.000002
925  0.000002
927  0.000002
929  0.000002
933  0.000002
934  0.000002
936  0.000002
937  0.000004
938  0.000004
939  0.000002
940  0.000002
943  0.000006
945  0.000004
953  0.000002
954  0.000002
960  0.000002
961  0.000002
962  0.000004
964  0.000002
968  0.000002
969  0.000002
971  0.000002
972  0.000002
978  0.000002
983  0.000002
987  0.000004
988  0.000002
991  0.000002
993  0.000004
996  0.000002
997  0.000004
999  0.000004
1000  0.000004
1006  0.000002
1010  0.000004
1012  0.000004
1015  0.000002
1018  0.000002
1020  0.000002
1029  0.000002
1033  0.000004
1034  0.000002
1041  0.000004
1044  0.000002
1046  0.000002
1048  0.000002
1053  0.000002
1054  0.000002
1058  0.000004
1060  0.000002
1065  0.000002
1068  0.000002
1069  0.000004
1071  0.000002
1073  0.000004
1076  0.000002
1082  0.000002
1083  0.000002
1085  0.000002
1086  0.000002
1092  0.000004
1096  0.000002
1098  0.000002
1101  0.000002
1104  0.000002
1106  0.000002
1113  0.000004
1114  0.000004
1125  0.000002
1130  0.000002
1131  0.000002
1132  0.000004
1137  0.000002
1150  0.000002
1151  0.000004
1153  0.000002
1158  0.000004
1159  0.000002
1161  0.000002
1162  0.000002
1164  0.000002
1165  0.000002
1167  0.000002
1171  0.000002
1178  0.000002
1182  0.000002
1189  0.000006
1195  0.000002
1205  0.000002
1207  0.000002
1208  0.000002
1221  0.000002
1236  0.000004
1237  0.000002
1273  0.000002
1277  0.000002
1278  0.000002
1293  0.000002
1305  0.000004
1309  0.000002
1310  0.000002
1317  0.000002
1332  0.000002
1335  0.000002
1338  0.000006
1339  0.000002
1344  0.000002
1350  0.000002
1362  0.000002
1363  0.000002
1364  0.000002
1369  0.000002
1390  0.000002
1393  0.000002
1401  0.000002
1421  0.000002
1425  0.000002
1433  0.000002
1439  0.000002
1450  0.000002
1466  0.000002
1472  0.000002
1482  0.000002
1502  0.000002
1520  0.000002
1524  0.000002
1528  0.000002
1531  0.000002
1534  0.000002
1553  0.000002
1598  0.000002
1605  0.000002
1607  0.000002
1608  0.000002
1632  0.000002
1650  0.000002
1719  0.000002
1723  0.000002
1727  0.000002
1738  0.000002
1744  0.000002
1747  0.000002
1757  0.000002
1795  0.000002
1851  0.000002
1853  0.000002
1860  0.000002
1882  0.000002
1905  0.000002
1918  0.000002
1922  0.000002
1930  0.000002
1935  0.000002
1997  0.000002
2317  0.000002
